NeuralODE_MSE: 1.06653e+08
LTC_MSE: 4.60276e+07
NeuralODE_Normalized_MSE: 0.00265799
