NeuralODE_MSE: 48.318079561680214
LTC_MSE: 58.318806069449906
