FFNN32: 0.03582472627044119
FFNN32_PWL: 0.10960294525659375
GP: 1.1974952847096751
LSTM: 0.044486377356489276
